518370910007
518370910001
518021911132
518370910016
518370910017
518370910005
518370910019
518021910004
518370910031
518370910032
518370910034
518370910025
518370910035
518021910271
518370910039
518370910026
518370910043
518370910053
518370910054
518370910055
518021910120
518370910062
518021911125
518370910063
518370910064
518021910233
518370910079
518370910081
518370910083
518021911238
518370910090
518370910093
518021911153
518370910105
518370910108
518370910111
518370910112
518370910114
518370910099
518370910123
518370910124
518021910353
518370910117
518021910206
518370910128
518370910130
518370910119
518021910737
518370910137
518370910122
518370910146
518021911040
518370910147
518370910148
518021910860
518021910263
518370910141
518370910150
518370910151
518370910153
518370910143
518021911008
518370910157
518370910158
518370910144
518370910159
518370910160
518370910169
518021910803
518021910945
518370910172
518370910174
518370910164
518021910877
518370910176
518021910539
518370910184
518370910193
518370910196
518021910818
518370910201
518370910202
518370910211
518370910212
518370910213
518370910206
518370910217
518370910208
518370910220
518021910479
518370910210
518021910897
518370910223
518370910224
518370910225
518370910076
518370910008
518370910009
518370910010
518370910011
518021910129
518370910002
518370910003
518370910013
518021910415
518370910014
518370910015
518370910004
518370910020
518370910006
518021910840
518021910792
518370910021
518370910022
518021910785
518021910758
518370910023
518370910030
518370910024
518370910033
518370910036
518370910037
518021910652
518021910610
518021911166
518370910038
518370910027
518370910040
518370910028
518370910041
518021910226
518370910042
518370910029
518021910339
518021910516
518370910044
518370910045
518370910046
518021910710
518021910906
518021910935
518021910659
518370910047
518370910056
518370910057
518370910058
518370910059
518370910048
518370910060
518370910061
518370910049
518021910445
518370910051
518370910065
518370910052
518370910066
518370910067
518021910378
518370910068
518370910069
518370910077
518021910962
518370910078
518370910070
518370910080
518370910071
518370910082
518021910133
518370910084
518370910085
518370910072
518370910086
518021911059
518370910073
518021910708
518370910074
518370910087
518021910255
518021911231
518370910088
518370910075
518370910091
518370910092
518370910100
518370910101
518021910327
518021910957
518370910102
518021910413
518370910103
518370910104
518370910094
518370910095
518370910106
518370910107
518370910096
518021910106
518370910109
518370910110
518370910097
518370910113
518021910622
518021910730
518370910098
518021910849
518370910115
518021910175
518370910125
518370910126
518021911220
518370910127
518370910118
518370910129
518021910919
518370910131
518370910132
518021910138
518021911061
518370910133
518370910120
518370910134
518370910135
518370910136
518370910121
518370910138
518370910139
518370910145
518370910140
518370910152
518370910142
518370910154
518021910778
518021910696
518370910155
518370910156
518021910483
518370910161
518370910167
518370910168
518370910162
518370910170
518370910171
518370910173
518370910175
518021910460
518021910448
518021910558
518021911043
518370910177
518370910165
518370910178
518370910180
518370910181
518370910182
518021911151
518370910183
518021910739
518370910189
518370910190
518370910191
518370910192
518021910045
518370910194
518370910186
518370910197
518370910187
518370910198
518370910199
518370910200
518021910738
518370910188
518021910565
518370910203
518021911039
518021910594
518370910204
518370910205
518021910992
518370910214
518370910215
518370910207
518021910374
518370910216
518021910998
518370910218
518370910219
518370910209
518370910221
518021911016
518370910222
518021910533
518021911100
518370910226
518370990001
518370990002
518370990003
518370990004
518370990005
518370990006
518370990008
518370990009
518370990010
518370990011
518370990012
518370990013
518370990019
518370990036
518370990037
518370990038
518370990039
518370990041