519370910004
519370910005
519370910007
519370910008
519370910009
519370910010
519370910011
519370910012
519370910013
519370910014
519370910015
519370910016
519370910017
519370910018
519370910019
519370910020
519370910001
519370910002
519370910003
519370910021
519370910022
519370910023
519370910024
519370910025
519370910026
519370910027
519370910028
519370910029
519370910030
519370910031
519370910032
519370910033
519370910034
519370910035
519370910036
519370910037
519370910038
519370910039
519370910040
519021910287
519021911175
519021911276
519370910041
519370910042
519370910043
519370910044
519021910966
519370910045
519370910046
519370910047
519370910048
519370910049
519370910050
519370910051
519370910052
519370910053
519370910054
519370910055
519021910313
519021910983
519370910056
519370910057
519370910058
519370910059
519370910060
519021910085
519021910587
519021911061
519021910240
519021910662
519021910858
519021911157
519021911160
519021910194
519021910417
519021911270
519021910005
519370910061
519021910038
519021910074
519370910062
519370910063
519370910064
519370910065
519370910066
519370910067
519370910068
519370910069
519370910070
519370910071
519370910072
519370910073
519370910074
519370910075
519370910076
519370910077
519021911125
519021911132
519370910078
519370910079
519370910080
519021911212
519021911311
519021910626
519021910910
519021911335
519021910934
519021910714
519021910210
519021911184
519021910347
519021911208
519021910105
519021910847
519370910081
519370910082
519370910083
519370910084
519370910085
519370910086
519370910087
519370910088
519370910089
519370910090
519370910091
519370910092
519370910093
519370910094
519370910095
519370910096
519370910097
519370910098
519370910099
519370910100
519021910379
519370910117
519370910119
519370910120
519021911155
519021910906
519021910506
519021910946
519021911096
519021910749
519021911104
519021911191
519021910776
519021910033
519021910573
519021911118
519021910461
519370910101
519370910111
519370910112
519370910113
519370910114
519370910115
519370910116
519370910102
519370910103
519370910104
519370910105
519370910106
519370910107
519370910108
519370910109
519370910110
519370910121
519370910122
519370910123
519370910124
519370910125
519370910126
519370910127
519370910128
519370910129
519370910130
519370910131
519370910132
519021911147
519370910133
519370910134
519370910135
519370910136
519370910137
519370910138
519370910139
519021911165
519021910724
519021910937
519021911190
519021910973
519021911200
519021911203
519021910457
519021911013
519021911072
519021911021
519021911029
519370910140
519370910141
519370910142
519370910143
519370910144
519370910145
519370910146
519370910147
519370910148
519021910485
519021910885
519370910149
519370910150
519370910151
519370910152
519370910153
519370910155
519370910156
519370910157
519370910158
519021910534
519021911166
519021910727
519021910773
519021910989
519021910048
519021910104
519021910655
519021911030
519021910865
519021911145
519370910159
519370910160
519370910161
519370910162
519370910163
519370910164
519370910165
519370910166
519370910168
519370910169
519370910170
519370910171
519370910172
519370910173
519370910174
519370910175
519370910176
519370910177
519021910510
519021910302
519021910752
519021910795
519021911195
519021911004
519021911005
519021911294
519021910839
519021910043
519021911139
519021910178
519021910525
519021910884
519021911323
519021910907
519370910178
519370910179
519370910181
519370910182
519370910183
519370910184
519370910185
519370910186
519370910187
519370910188
519370910189
519370910190
519370910191
519370910192
519370910193
519370910194
519370910195
519370910196
519021910748
519021910759
519021910323
519021910454
519021910988
519021910332
519021910239
519370990001
519370990002
519370990003
519370990005
519370990007
519370990008
519370990010
519370990013
519370990014
519370990016
519370990019
519370990021
519370990023
519370990026
519370990028
519370990030
519370990032
519370990035
519370990040
519370990041