520021910008
520021910012
520021910042
520021910088
520021910090
520021910120
520021910145
520021910702
520370910001
520370910002
520370910003
520370910004
520370910005
520370910006
520370910007
520370910008
520370910009
520370910010
520370910011
520370910012
520370910013
520370910014
520370910015
520370910143
520021910213
520021910224
520021910238
520021910283
520021910297
520021910304
520021910312
520021910498
520370910016
520370910017
520370910018
520370910019
520370910020
520370910021
520370910022
520370910023
520370910024
520370910025
520370910026
520370910027
520370910028
520370910029
520370910030
520370910144
520021910367
520021910385
520021910400
520021910414
520021910423
520021910432
520021910441
520021910453
520021910454
520370910031
520370910032
520370910033
520370910034
520370910035
520370910036
520370910037
520370910038
520370910039
520370910041
520370910042
520370910043
520370910044
520370910145
520021910463
520021910522
520021910523
520021910528
520021910530
520021910554
520021910566
520021910614
520021910616
520370910045
520370910046
520370910047
520370910048
520370910049
520370910050
520370910051
520370910052
520370910053
520370910054
520370910055
520370910056
520370910057
520370910058
520370910146
520021910109
520021910618
520021910678
520021910704
520021910705
520021910728
520021910781
520021910783
520021910803
520370910059
520370910060
520370910061
520370910062
520370910063
520370910064
520370910065
520370910066
520370910067
520370910068
520370910069
520370910070
520370910071
520370910072
520021910808
520021910815
520021910856
520021910891
520021910927
520021910959
520021910977
520021910994
520021910995
520370910073
520370910074
520370910075
520370910076
520370910077
520370910078
520370910079
520370910080
520370910081
520370910082
520370910083
520370910084
520370910085
520370910086
520021911013
520021911033
520021911041
520021911055
520021911070
520021911089
520021911095
520021911107
520021911312
520370910087
520370910088
520370910089
520370910090
520370910091
520370910092
520370910093
520370910094
520370910095
520370910096
520370910097
520370910098
520370910099
520370910100
520021911145
520021911223
520021911230
520021911266
520021911272
520021911290
520021911293
520021911294
520370910101
520370910102
520370910103
520370910104
520370910105
520370910106
520370910107
520370910108
520370910109
520370910110
520370910111
520370910112
520370910113
520370910114
520021911077
520021911299
520021911316
520021911317
520021911332
520021911352
520021911355
520021911356
520021911358
520370910115
520370910116
520370910117
520370910118
520370910119
520370910120
520370910121
520370910122
520370910123
520370910124
520370910125
520370910126
520370910127
520370910128
520370910147
520021911366
520021911383
520021911399
520021911402
520021911411
520021911415
520021911418
520021911422
520370910129
520370910130
520370910131
520370910132
520370910133
520370910134
520370910135
520370910136
520370910137
520370910138
520370910139
520370910140
520370910141
520370910142
520370910148