521021910202
521021910296
521021910673
521021910814
521021911011
521370910001
521370910002
521370910003
521370910004
521370910005
521370910006
521370910007
521370910008
521370910009
521370910010
521370910011
521370910012
521370910013
521370910014
521370910015
521370910016
521370910017
521370910018
521370910019
521370910020
521021910581
521021910799
521021910807
521021910938
521021911099
521051910061
521370910021
521370910022
521370910023
521370910024
521370910025
521370910026
521370910027
521370910028
521370910029
521370910030
521370910031
521370910032
521370910033
521370910034
521370910035
521370910036
521370910037
521370910038
521370910039
521370910040
521010910118
521021910467
521021910617
521021910795
521021910832
521021910868
521370910041
521370910042
521370910043
521370910044
521370910045
521370910046
521370910047
521370910048
521370910049
521370910050
521370910051
521370910052
521370910053
521370910054
521370910055
521370910056
521370910057
521370910058
521370910059
521370910060
521010910094
521021910158
521021910549
521021910793
521021910839
521370910061
521370910062
521370910063
521370910064
521370910065
521370910066
521370910067
521370910068
521370910069
521370910070
521370910071
521370910072
521370910073
521370910074
521370910075
521370910076
521370910077
521370910078
521370910079
521370910080
521370910165
521021910099
521021910170
521021910171
521021910633
521021911123
521370910081
521370910082
521370910083
521370910084
521370910085
521370910086
521370910087
521370910088
521370910089
521370910090
521370910091
521370910092
521370910093
521370910094
521370910095
521370910096
521370910097
521370910098
521370910099
521370910100
521370910101
521021910206
521021910507
521021910537
521021910708
521021910897
521370910102
521370910103
521370910104
521370910105
521370910106
521370910107
521370910108
521370910109
521370910110
521370910111
521370910112
521370910113
521370910114
521370910115
521370910116
521370910117
521370910118
521370910119
521370910120
521370910121
521370910122
521021910021
521021910263
521021910568
521021910711
521021910816
521021911020
521370910123
521370910124
521370910125
521370910126
521370910127
521370910128
521370910129
521370910130
521370910131
521370910132
521370910133
521370910134
521370910135
521370910136
521370910137
521370910138
521370910139
521370910140
521370910141
521370910142
521370910143
521021910376
521021910389
521021910616
521021910777
521051910059
521370910144
521370910145
521370910146
521370910147
521370910148
521370910149
521370910150
521370910151
521370910152
521370910153
521370910154
521370910155
521370910156
521370910157
521370910158
521370910159
521370910160
521370910161
521370910162
521370910163
521370910164
519021910966
521010910003
521010910045
521010910093
521010910133
521051910105
521370910166
521370910167
521370910168
521370910169
521370910170
521370910171
521370910172
521370910173
521370910174
521370910175
521370910176
521370910177
521370910178
521370910179
521370910180
521370910181
521370910182
521370910183
521370910184
521442910001
521370990005
521370990007
521370990008
521370990009
521370990012
521370990013
521370990014
521370990015
521370990017
521370990018
521370990021
521370990022
521370990023
521370990027
521370990028
521370990030
521370990031
521370990036
521370990038
521370990039
521370990044
521370990045
521370990047
521370990049
521370990052
521370990054
521370990055